1030
1206
2682
2237
1347
3031
423
2100
2913
1090
2154
1323
1434
3063
1339
1600
2593
603
1761
2430
1474
434
1058
2561
918
139
2183
1687
405
949
2199
1284
1256
477
2926
2379
2941
2324
542
2760
1521
1176
109
2670
1558
68
2963
2911
1380
1163
2217
772
1663
2597
2842
414
2307
1049
77
1070
1039
2013
2691
2787
927
549
893
947
2002
2738
2488
2181
43
2257
851
964
385
1227
1650
1067
786
696
1736
2160
560
313
2478
2170
2596
80
1467
978
1854
2516
2063
289
2329
1763
852
57
781
1720
2352
1795
2869
3002
842
1923
1772
15
2166
312
76
372
368
1084
19
1286
1340
1624
2361
333
666
2153
55
1332
173
2915
1225
2678
811
1212
2984
2119
1878
88
2047
1448
816
2779
2538
1553
1759
2330
777
250
1718
1231
613
2614
2503
2618
1098
459
1741
3009
733
2894
903
1031
1964
192
239
2884
3048
402
1781
2073
2033
2025
469
2332
631
328
2809
1791
639
626
2653
680
2031
2145
2213
872
2993
1691
1076
1748
888
1509
1712
1704
46
1211
779
400
1714
2694
427
1346
601
669
1390
2283
1709
357
929
438
500
2834
685
2188
2613
2731
2839
174
1993
1335
586
1304
225
531
141
2999
1102
2550
330
159
598
147
536
979
1015
1849
2679
1806
2600
980
32
1684
1446
1315
2494
2438
1523
1994
245
1664
2001
944
1937
1604
130
1394
796
2658
2441
2918
1290
1995
463
2699
2126
870
539
763
1274
961
378
579
2493
1404
1614
2537
2661
1536
1236
1506
1891
2680
2878
764
399
1733
900
1649
902
1313
325
283
2669
2946
1242
2384
2974
1440
2830
1776
2247
1383
924
678
896
1554
2240
906
1519
735
1989
2225
2866
2762
1808
1669
1161
1278
2907
63
1885
2369
2476
1110
2182
2006
1114
1146
2981
897
2122
1464
179
1074
36
164
2851
1545
747
2406
50
300
994
1001
1099
1248
1333
1233
2957
547
3039
993
1651
1938
516
1919
768
784
1991
1780
2927
303
1887
2743
2603
766
2525
234
271
2003
78
412
2885
1689
656
1953
885
1374
376
2118
2271
2474
3035
2102
814
2713
3038
2747
988
391
2901
1644
2246
1841
1230
2811
1634
264
1307
2362
1901
2945
2489
2676
2375
8
2978
1903
2706
1270
3062
1770
452
1097
2625
822
1480
968
655
7
798
899
3057
2116
1071
1210
217
646
411
1889
1417
1036
2629
2565
1118
2407
2077
1193
247
396
937
649
119
1458
742
3003
256
2719
2298
2531
2552
2752
2267
2115
1489
1716
1041
171
0
2413
2290
527
1532
1343
869
203
1861
106
1734
244
1985
2382
573
58
2791
1149
136
2796
1617
2149
757
642
1356
2536
2265
2576
236
1132
1769
2515
93
11
934
1873
862
2146
790
2421
182
1435
2423
2868
1825
2902
1590
580
1805
2435
935
2275
2553
675
268
1969
1117
2797
2082
152
889
2687
1836
2142
923
2112
732
1682
1886
921
258
230
304
1019
1454
425
1568
1276
1978
2130
490
1755
1476
1589
2890
1512
981
2602
1215
651
233
2995
1422
2735
2689
803
298
1640
172
1658
1655
359
382
854
633
1708
859
677
2675
1940
1760
1169
1812
546
1055
1073
1303
2428
1999
83
1757
819
731
1595
40
1813
1437
820
2535
824
1777
2289
374
2009
506
1263
2636
561
1566
2223
200
2411
2548
2466
1101
874
1119
1585
2453
853
30
1190
41
2744
323
1616
2046
2205
2640
823
97
2807
2236
2671
1637
2563
1838
1309
2238
1656
2333
1542
2685
1936
2138
2816
1947
1660
1484
2627
1620
1562
1384
915
2204
2657
3056
641
2320
2472
2045
2922
2316
1308
2159
161
2935
2817
2249
2572
2131
2843
2554
604
2252
2226
2107
486
265
2722
2695
878
2139
137
1023
514
2704
1737
98
2668
2381
1699
1868
2917
2377
74
223
1386
2004
2301
1602
582
406
1510
2710
1668
2906
1151
1341
2954
1366
1801
356
1494
487
1218
2609
49
1358
2397
2389
778
1192
2703
246
210
1382
1438
153
270
229
2923
2853
2749
1468
2173
2155
1018
734
18
2683
2331
445
353
723
1628
832
505
1764
1539
2601
492
2677
1046
2388
1371
2617
985
1744
2673
2016
22
2408
715
2964
1107
1397
2197
1200
1409
2547
1688
1328
1285
2892
334
151
1368
1911
911
660
1296
1179
827
957
2101
529
1361
198
2235
238
945
2314
1930
470
1012
1956
909
2849
1779
329
1633
515
2591
2394
2259
1877
437
860
1557
1675
2475
2702
212
324
2916
2161
1051
1331
2506
1586
69
502
3022
2418
195
1182
1941
2432
165
2777
2043
933
375
563
2794
2612
464
616
972
1833
795
501
2066
111
743
941
1330
2990
2346
887
2615
1
1381
1975
2460
485
1466
2176
1829
1935
458
370
1194
1627
1156
1403
1235
558
2857
189
243
38
2897
2874
1998
1207
1261
1711
1636
1241
2229
1830
1501
475
946
2829
2206
301
42
1722
2772
1852
674
1028
2011
1870
1324
2463
81
2607
2755
2527
2
2282
1217
1915
643
2399
2767
134
2764
2784
1425
1713
1872
1143
1228
512
140
663
1980
186
2157
2479
348
2526
1155
2485
366
2696
326
2061
2850
1085
533
2058
2726
1673
336
3036
969
621
1646
2419
2208
2932
408
177
143
1481
240
1486
2143
2111
1881
2136
775
3014
2319
780
2108
708
2522
2269
3049
1632
2191
2835
2782
21
314
2053
2032
488
2519
1020
873
1793
2746
1385
94
2251
1477
1916
839
2258
45
2391
428
841
263
1416
2214
2358
1804
2571
1396
1796
907
1388
2076
404
2078
2027
699
2854
535
2539
389
1815
1778
2778
1352
1525
335
2090
2776
2491
64
2848
1354
1739
1959
1906
2450
1197
1666
91
2533
1096
2962
276
2263
2616
1134
1749
453
2105
2790
700
724
1856
1826
2886
14
100
2322
2860
989
2948
220
2260
1587
1063
2920
2185
2754
1788
2930
2786
817
2222
1965
1410
588
2529
2010
1288
2279
1320
2573
2759
904
2128
5
1735
593
1342
2343
286
523
60
2520
2080
2340
608
1867
1879
1327
543
769
2819
2774
833
2334
232
1927
1618
2788
2626
1571
2846
28
2821
1809
2326
1894
2530
913
1648
2291
2768
1573
1054
135
2416
1848
1677
1786
1232
2348
882
1189
2327
120
148
2910
2050
2543
2895
3047
79
1608
1159
740
1078
2741
2051
996
2818
2383
951
1552
2826
2099
2026
2467
1621
96
684
2708
999
2037
694
846
296
3019
1503
574
1839
2815
3026
3040
805
2224
1124
1428
282
1062
1289
638
986
2216
1426
908
2232
2244
2827
2810
759
316
1746
1237
2417
3044
468
2903
804
1053
525
2532
1926
835
2303
1196
2583
716
2579
213
702
424
1524
2534
1629
465
1243
1317
837
1077
1832
2165
2564
557
248
1767
1122
2281
284
1543
1372
4
2284
1603
2545
2674
2395
705
2936
1108
607
2934
2944
2814
2034
1376
2212
479
2949
2822
1615
2198
3059
367
2950
2512
920
2449
2977
2841
1797
725
928
2243
2297
1570
214
2484
1827
86
420
1162
3055
131
736
659
1271
883
435
293
1293
2958
2690
2465
1732
2717
1412
181
2470
1443
1316
2973
1942
1538
1961
1773
2287
1643
3032
895
1883
644
652
876
1591
1469
254
362
1593
484
2832
105
9
919
2017
2500
1859
2477
394
2193
864
2605
2701
1500
936
701
1846
673
1199
190
448
124
1692
2431
2412
938
231
1785
168
1865
2499
2881
1167
683
1912
1723
1549
2908
290
2367
1588
2560
3021
1282
1024
755
987
807
1642
2909
1653
654
596
1262
2426
363
2403
1596
2305
2427
419
1252
2424
2448
1527
3023
3005
2495
62
728
719
2497
2608
2296
2106
2059
1671
843
1876
2745
1540
251
2070
2068
1884
2273
2057
2064
2606
2953
1661
910
87
1678
2035
257
866
1186
1433
1120
1902
1842
774
1133
2925
1301
2899
1710
305
1170
591
344
407
75
466
1929
1800
2180
2276
2437
901
507
2808
2210
1828
1851
2288
275
2414
2517
2967
1268
2405
2568
1239
829
381
1986
2135
1393
472
619
2585
1013
1128
2144
1005
2008
692
1952
2562
1697
905
2049
2624
3017
1326
2292
952
1866
2492
3054
2804
1377
1459
1914
1095
1351
1066
2555
373
1958
2286
1043
1441
1362
697
2020
517
2242
576
615
2805
1184
690
1205
2261
2505
940
1659
2309
637
524
2231
813
1129
1555
3
10
3007
454
771
2604
393
2174
1972
2871
2861
2018
2443
785
2729
1400
1515
2071
2442
1487
2299
1962
2592
1272
587
2335
1495
856
2865
2464
321
2891
554
2924
1337
285
623
503
1559
150
3018
1922
1348
2508
1105
1932
1529
2931
2227
765
2644
744
1738
1910
2483
530
1831
782
361
2481
133
650
1647
2619
2461
2765
302
1061
1436
2723
1093
1890
2496
932
1056
1789
1900
2912
1611
1948
3006
1158
160
1209
600
2447
2976
281
1485
526
1913
614
2989
922
2939
2029
2415
1756
2341
2748
1130
474
2862
2739
1534
2578
127
1442
2469
948
572
1977
569
1449
2230
629
1080
1679
2542
1690
2633
670
2452
1622
1874
2201
2357
1724
1216
1136
2089
707
2628
1943
2038
2733
2487
711
1264
2513
632
432
752
202
1463
2898
1000
132
2789
1824
383
3000
117
27
754
2184
2081
295
1705
2338
1531
115
1250
1516
2359
1665
12
611
1504
1310
559
1623
749
1492
2900
2344
567
990
2970
1583
2351
478
1359
713
2024
991
2803
2598
2642
1717
2152
2219
1670
13
624
123
627
706
1195
714
2175
1803
2103
812
2459
483
958
1413
158
1453
635
2968
319
2436
1298
3027
1378
1580
2524
544
175
793
898
310
537
687
2328
331
1178
676
122
1727
1258
1853
1674
2589
2429
1455
2643
1787
1291
3058
950
2732
496
1774
73
2580
196
2085
2940
858
2889
2392
2575
672
1783
2718
3020
2318
1676
221
942
1899
2858
1145
2991
647
451
450
959
332
1823
519
1729
2975
2270
1960
1022
102
1082
39
1152
513
2558
2253
1522
2985
191
278
2882
1576
1630
1702
2586
1008
1928
66
1794
1882
3061
1567
2502
1160
2795
2725
592
2664
1198
2295
1963
2840
1168
2124
489
317
661
1686
836
750
369
1731
2942
849
2274
2433
2771
545
1982
620
59
1164
1893
2041
228
2992
1672
2311
1312
1277
710
1696
1430
2125
1266
2097
2521
2372
648
2637
689
2660
1273
2595
1173
1011
2095
1802
1253
206
1238
1892
562
1068
3015
194
89
606
2566
1016
2510
26
2780
1392
1493
2622
2148
2473
1514
2757
2294
762
748
1140
1387
482
1619
224
114
125
342
1518
44
1857
2498
2254
2623
48
2380
2972
2172
847
2887
2872
1613
491
802
1612
1880
3004
1754
20
1855
1601
930
1223
662
2353
1075
1138
2863
2109
227
1843
1703
2401
2456
1860
1244
1364
1556
1631
2093
826
1125
1116
698
2511
1462
2960
1951
967
2838
1955
2893
871
2634
1246
612
112
162
1726
443
2304
403
855
2715
2983
2665
1299
1329
548
1318
1083
658
2610
341
1845
2684
110
1432
431
2349
188
2402
2054
550
267
2000
773
2799
1526
1094
108
984
2806
973
1204
1254
2364
1810
1154
61
2012
589
2656
954
2792
645
1582
630
1183
2067
1847
1933
2313
2342
693
1862
2390
215
2639
444
1267
1040
1294
2557
1987
1451
166
2215
269
1306
845
185
1171
2855
879
2611
1222
1247
1478
2451
2873
1379
2444
1979
3030
1530
1475
2209
2347
1537
2195
397
1483
2551
1257
1456
1981
2028
2422
1491
180
1021
67
1121
249
23
294
1578
2092
16
1835
1758
599
792
1820
52
2775
2867
2042
1742
1990
602
729
2833
398
1177
564
2570
2938
3013
2501
72
222
2523
2164
2272
1010
2737
1725
2262
2158
2207
2317
1336
540
346
594
1957
235
169
2110
1302
1945
499
104
2599
2876
2880
1007
982
2211
1181
2248
2385
306
2812
2393
875
566
2434
2888
442
1281
2647
287
1715
156
1652
1490
1837
209
1139
1460
193
309
1694
1569
2190
830
3037
2937
808
1973
1502
2132
1807
1721
821
2549
504
327
797
2652
2440
916
581
2129
605
2716
